0.0002 1 64
0.0002 1 128
0.0002 1 256
0.0002 2 64
0.0002 2 128
0.0002 2 256
0.0002 3 64
0.0002 3 128
0.0002 3 256
0.0002 4 64
0.0002 4 128
0.0002 4 256
0.0002 5 64
0.0002 5 128
0.0002 5 256
0.0003 1 64
0.0003 1 128
0.0003 1 256
0.0003 2 64
0.0003 2 128
0.0003 2 256
0.0003 3 64
0.0003 3 128
0.0003 3 256
0.0003 4 64
0.0003 4 128
0.0003 4 256
0.0003 5 64
0.0003 5 128
0.0003 5 256
0.0004 1 64
0.0004 1 128
0.0004 1 256
0.0004 2 64
0.0004 2 128
0.0004 2 256
0.0004 3 64
0.0004 3 128
0.0004 3 256
0.0004 4 64
0.0004 4 128
0.0004 4 256
0.0004 5 64
0.0004 5 128
0.0004 5 256
0.0005 1 64
0.0005 1 128
0.0005 1 256
0.0005 2 64
0.0005 2 128
0.0005 2 256
0.0005 3 64
0.0005 3 128
0.0005 3 256
0.0005 4 64
0.0005 4 128
0.0005 4 256
0.0005 5 64
0.0005 5 128
0.0005 5 256
0.0006 1 64
0.0006 1 128
0.0006 1 256
0.0006 2 64
0.0006 2 128
0.0006 2 256
0.0006 3 64
0.0006 3 128
0.0006 3 256
0.0006 4 64
0.0006 4 128
0.0006 4 256
0.0006 5 64
0.0006 5 128
0.0006 5 256
