0.001 1 64
0.001 1 128
0.001 1 256
0.001 2 64
0.001 2 128
0.001 2 256
0.001 3 64
0.001 3 128
0.001 3 256
0.001 4 64
0.001 4 128
0.001 4 256
0.001 5 64
0.001 5 128
0.001 5 256
0.002 1 64
0.002 1 128
0.002 1 256
0.002 2 64
0.002 2 128
0.002 2 256
0.002 3 64
0.002 3 128
0.002 3 256
0.002 4 64
0.002 4 128
0.002 4 256
0.002 5 64
0.002 5 128
0.002 5 256
0.003 1 64
0.003 1 128
0.003 1 256
0.003 2 64
0.003 2 128
0.003 2 256
0.003 3 64
0.003 3 128
0.003 3 256
0.003 4 64
0.003 4 128
0.003 4 256
0.003 5 64
0.003 5 128
0.003 5 256
0.004 1 64
0.004 1 128
0.004 1 256
0.004 2 64
0.004 2 128
0.004 2 256
0.004 3 64
0.004 3 128
0.004 3 256
0.004 4 64
0.004 4 128
0.004 4 256
0.004 5 64
0.004 5 128
0.004 5 256
0.005 1 64
0.005 1 128
0.005 1 256
0.005 2 64
0.005 2 128
0.005 2 256
0.005 3 64
0.005 3 128
0.005 3 256
0.005 4 64
0.005 4 128
0.005 4 256
0.005 5 64
0.005 5 128
0.005 5 256