[0.0001, 1, 64] [0.776463277999139, 0.6115817578909473] 
[0.0001, 1, 128] [0.7928061723470885, 0.6325616975250333] 
[0.0001, 1, 256] [0.7967479384262802, 0.6167020887887281] 
[0.0001, 1, 512] [0.7940701799916756, 0.6095391322813815] 
[0.0001, 2, 64] [0.7911361577412561, 0.6342415534121282] 
[0.0001, 2, 128] [0.783004070664715, 0.6132117135574942] 
[0.0001, 2, 256] [0.7845851790773744, 0.6028533733690142] 
[0.0001, 2, 512] [0.7778737770922151, 0.5893748917703685] 
[0.0002, 1, 64] [0.7991821811993542, 0.6333103252553776] 
[0.0002, 1, 128] [0.8423955517567819, 0.7615222393416218] 
[0.0002, 1, 256] [0.8252226928213772, 0.682729567953493] 
[0.0002, 1, 512] [0.8056317114445619, 0.6347376597763639] 
[0.0002, 2, 64] [0.8108600109160781, 0.6306265986015875] 
[0.0002, 2, 128] [0.7999237476687293, 0.6521732237931968] 
[0.0002, 2, 256] [0.7898050365212526, 0.583528625740758] 
[0.0002, 2, 512] [0.8176853270929725, 0.6699158468203754] 
[0.0003, 1, 64] [0.8169354758675962, 0.6617625545509425] 
[0.0003, 1, 128] [0.8430586895568053, 0.7426693729989177] 
[0.0003, 1, 256] [0.8076238061792012, 0.6500025371410305] 
[0.0003, 1, 512] [0.8031608157339041, 0.6562278597259508] 
[0.0003, 2, 64] [0.8103236125396078, 0.6655670022147013] 
[0.0003, 2, 128] [0.8310439274259338, 0.7280785099920872] 
[0.0003, 2, 256] [0.8161319142614991, 0.7202740688124617] 
[0.0003, 2, 512] [0.8452186312619548, 0.7440557563757315] 
[0.0004, 1, 64] [0.786783549793978, 0.5782639506587378] 
[0.0004, 1, 128] [0.8343407025313554, 0.7282201543040334] 
[0.0004, 1, 256] [0.7893050250736522, 0.609228385273826] 
[0.0004, 1, 512] [0.7840023057700198, 0.5967056493433609] 
[0.0004, 2, 64] [0.7917361339408854, 0.6482758925977876] 
[0.0004, 2, 128] [0.8355875043409138, 0.7209577513368981] 
[0.0004, 2, 256] [0.8374318214169216, 0.7328737868084241] 
[0.0004, 2, 512] [0.8135498643282434, 0.6887930246985299] 
[0.0005, 1, 64] [0.8205352456665075, 0.7006783656792837] 
[0.0005, 1, 128] [0.8376980989995946, 0.7658271720999013] 
[0.0005, 1, 256] [0.8067627375270547, 0.6689649014700334] 
[0.0005, 1, 512] [0.8406727470316759, 0.7208469737285497] 
[0.0005, 2, 64] [0.8046124753771151, 0.6689621088539028] 
[0.0005, 2, 128] [0.820294268665009, 0.6881030249553006] 
[0.0005, 2, 256] [0.8083818813388832, 0.7062310290702918] 
[0.0005, 2, 512] [0.8022916997704128, 0.7037435232468945] 
[0.0006, 1, 64] [0.8305255009116645, 0.7357869825808714] 
[0.0006, 1, 128] [0.8166469221029765, 0.7230775552660731] 
[0.0006, 1, 256] [0.8344242542103026, 0.7520200643936944] 
[0.0006, 1, 512] [0.8353029677412056, 0.7398496884996875] 
[0.0006, 2, 64] [0.8281032339529126, 0.725530799414738] 
[0.0006, 2, 128] [0.8147656946659034, 0.7199272391879987] 
[0.0006, 2, 256] [0.8218948670771598, 0.7399294358023732] 
[0.0006, 2, 512] [0.816483125510459, 0.6911930591097115] 
