[0.0001, 1, 64] [[0.7543528400361388, 0.5287189596499686], [0.7985737159621391, 0.694444556131926]] 
[0.0001, 1, 128] [[0.7756090718307418, 0.5856469657426931], [0.8100032728634351, 0.6794764293073735]] 
[0.0001, 1, 256] [[0.8039824214206259, 0.6124998668356562], [0.7895134554319345, 0.6209043107418001]] 
[0.0001, 1, 512] [[0.782928184048355, 0.5852355539151932], [0.8052121759349962, 0.6338427106475698]] 
[0.0001, 2, 64] [[0.7842389948301399, 0.5997717859748494], [0.7980333206523723, 0.668711320849407]] 
[0.0001, 2, 128] [[0.7897798299874873, 0.5952234048102882], [0.7762283113419428, 0.6312000223047]] 
[0.0001, 2, 256] [[0.7738385618617437, 0.5554686004239161], [0.7953317962930049, 0.6502381463141124]] 
[0.0001, 2, 512] [[0.7925674562010475, 0.5598578577636772], [0.7631800979833825, 0.6188919257770596]] 
[0.0002, 1, 64] [[0.7935274925260922, 0.5965474522783549], [0.8048368698726163, 0.6700731982324001]] 
[0.0002, 1, 128] [[0.7983604881439305, 0.607672957770259], [0.8864306153696334, 0.9153715209129846]] 
[0.0002, 1, 256] [[0.8067558723827754, 0.5983344463837429], [0.843689513259979, 0.7671246895232432]] 
[0.0002, 1, 512] [[0.8089309218025135, 0.6139456800378976], [0.8023325010866105, 0.65552963951483]] 
[0.0002, 2, 64] [[0.8284943679870957, 0.6343412010161664], [0.7932256538450604, 0.6269119961870087]] 
[0.0002, 2, 128] [[0.8018913806325895, 0.6093748565198972], [0.7979561147048693, 0.6949715910664962]] 
[0.0002, 2, 256] [[0.7787653014605042, 0.5376927678425356], [0.8008447715820008, 0.6293644836389805]] 
[0.0002, 2, 512] [[0.8439010220473578, 0.6759850288216815], [0.791469632138587, 0.6638466648190694]] 
[0.0003, 1, 64] [[0.8130101398256013, 0.6289114352496621], [0.8208608119095911, 0.6946136738522228]] 
[0.0003, 1, 128] [[0.8222376335941384, 0.6387693188490206], [0.8638797455194722, 0.8465694271488148]] 
[0.0003, 1, 256] [[0.8181880039626048, 0.6415710974354703], [0.7970596083957974, 0.6584339768465909]] 
[0.0003, 1, 512] [[0.7576467122013503, 0.5195320812893726], [0.848674919266458, 0.7929236381625289]] 
[0.0003, 2, 64] [[0.8265021327880543, 0.6355609738614078], [0.7941450922911615, 0.6955730305679949]] 
[0.0003, 2, 128] [[0.8302188501221457, 0.6548907338736146], [0.8318690047297218, 0.8012662861105597]] 
[0.0003, 2, 256] [[0.8019631994528975, 0.6187845198513572], [0.8303006290701006, 0.8217636177735662]] 
[0.0003, 2, 512] [[0.8397547336069832, 0.6716535980044798], [0.8506825289169265, 0.8164579147469833]] 
[0.0004, 1, 64] [[0.8139589389077292, 0.629169337905339], [0.7596081606802269, 0.5273585634121366]] 
[0.0004, 1, 128] [[0.8144837899218536, 0.6331175206166345], [0.8541976151408573, 0.8233227879914322]] 
[0.0004, 1, 256] [[0.8135317769274735, 0.6259340522802089], [0.7650782732198309, 0.592522718267443]] 
[0.0004, 1, 512] [[0.7835456858718051, 0.5645976477539228], [0.7844589256682345, 0.6288136509327991]] 
[0.0004, 2, 64] [[0.7506183604550954, 0.5255297101664567], [0.8328539074266753, 0.7710220750291185]] 
[0.0004, 2, 128] [[0.8071131130132778, 0.5963320240278401], [0.8640618956685499, 0.8455834786459561]] 
[0.0004, 2, 256] [[0.8095551403452673, 0.6221403727498575], [0.8653085024885759, 0.8436072008669907]] 
[0.0004, 2, 512] [[0.8125237434655854, 0.633904724621162], [0.8145759851909014, 0.7436813247758978]] 
[0.0005, 1, 64] [[0.7998857721688013, 0.6176056409892142], [0.8411847191642137, 0.783751090369353]] 
[0.0005, 1, 128] [[0.8046451273095048, 0.6352841524825283], [0.8707510706896843, 0.8963701917172742]] 
[0.0005, 1, 256] [[0.811343050081723, 0.6333785164786863], [0.8021824249723865, 0.7045512864613805]] 
[0.0005, 1, 512] [[0.8265239620240222, 0.6672187476365278], [0.8548215320393296, 0.7744751998205717]] 
[0.0005, 2, 64] [[0.8105913405677837, 0.649478121927107], [0.7986336101864464, 0.6884460957806988]] 
[0.0005, 2, 128] [[0.8267453247585691, 0.652848518468459], [0.8138432125714488, 0.7233575314421421]] 
[0.0005, 2, 256] [[0.8001851315605331, 0.6248570028525561], [0.8165786311172334, 0.7876050552880275]] 
[0.0005, 2, 512] [[0.7970132379444926, 0.6221636936471875], [0.8075701615963329, 0.7853233528466015]] 
[0.0006, 1, 64] [[0.8056349507146762, 0.6323367684847215], [0.855416051108653, 0.8392371966770213]] 
[0.0006, 1, 128] [[0.8092992779625657, 0.632597498205654], [0.8239945662433873, 0.8135576123264922]] 
[0.0006, 1, 256] [[0.8040883717324694, 0.6135073502502416], [0.8647601366881358, 0.8905327785371472]] 
[0.0006, 1, 512] [[0.8224803167689294, 0.6492863626424791], [0.8481256187134819, 0.8304130143568959]] 
[0.0006, 2, 64] [[0.8085450847089078, 0.610938177929901], [0.8476613831969173, 0.8401234208995748]] 
[0.0006, 2, 128] [[0.779374662452527, 0.6138270590022606], [0.85015672687928, 0.8260274193737368]] 
[0.0006, 2, 256] [[0.7958064503689649, 0.6375570325510942], [0.8479832837853545, 0.8423018390536523]] 
[0.0006, 2, 512] [[0.7984037843423556, 0.6240135518395543], [0.8345624666785625, 0.7583725663798688]] 
